Volume (mL)	1	5	11	18	24
FW+TWAS+AS_rep_1	6.45050292	0.095191355	0	0	0
FW+TWAS+AS_rep_2	11.38409524	0.116242342	0	0	0
FW+TWAS_rep_1					
FW+TWAS_rep_2	11.91913272	1.526548866	0	0	0
FW+AS_rep_1	79.16416887	0.509164396	0	0	0
FW+AS_rep_2	74.79560988	0.559088525	0	0	0
FW_rep_1	0.379123346	3.914773409	-0.002039004	0	0
FW_rep_2	0.059512118	7.739180963	0.252503516	0	0
TWAS+AS_rep_1	0	0	0	0	0
TWAS+AS_rep_2	0	0	0	0	0
TWAS_rep_1	0	0	0	0	0
TWAS_rep_2	0	0	0	0	0
AS_rep_1	0	0	0	0	0
AS_rep_2	0	0	0	0	0